simple_rnn_4/simple_rnn_cell_4/kernel:0
(5, 3)
[[ 1.8834485  -1.822461    1.2526891 ]
 [-1.1272514   0.5328667   0.279134  ]
 [-0.66665274  2.0354736   0.54598504]
 [ 0.01946077 -0.01435931 -0.00800094]
 [-1.3001608  -1.6679912   0.28951088]]
simple_rnn_4/simple_rnn_cell_4/recurrent_kernel:0
(3, 3)
[[-0.9076762  -1.5804737  -1.1063014 ]
 [ 0.44646907  0.7263394  -0.9028621 ]
 [ 1.5525173   0.00693944 -2.2722151 ]]
simple_rnn_4/simple_rnn_cell_4/bias:0
(3,)
[ 0.27452853 -0.03457863 -0.01197716]
dense_4/kernel:0
(3, 5)
[[-2.6488032  1.4508206 -1.233669  -1.2606179  1.411555 ]
 [-2.8205495 -1.3069482 -2.0391715  1.9909327  1.8453995]
 [ 1.8452784  1.78994   -2.3297381  1.8159115 -1.6207261]]
dense_4/bias:0
(5,)
[-1.3505043e+00  1.4826801e-01  3.4912243e-01  7.6632021e-04
  1.2617879e-01]
