embedding/embeddings:0
(5, 2)
[[-0.53041214 -0.55376637]
 [-0.70954645  0.7792915 ]
 [ 0.6544547  -0.5136334 ]
 [ 0.3520411  -0.31491414]
 [ 0.9106084  -1.0941175 ]]
simple_rnn_6/simple_rnn_cell_6/kernel:0
(2, 3)
[[-1.8914409  1.2742398  1.0648656]
 [ 0.6832981 -0.8235305 -1.4047092]]
simple_rnn_6/simple_rnn_cell_6/recurrent_kernel:0
(3, 3)
[[ 0.7826308  -0.38225892 -0.49129122]
 [-0.45905775  0.17862347 -0.8702641 ]
 [ 0.42042235  0.9066266  -0.03568269]]
simple_rnn_6/simple_rnn_cell_6/bias:0
(3,)
[ 0.39291847 -1.048909    0.6291202 ]
dense_6/kernel:0
(3, 5)
[[-1.4190717   1.1033581   0.66714585 -1.1027484  -1.0273387 ]
 [ 1.952465   -0.43636456 -0.9864806   1.0317445   0.07680823]
 [ 1.3789643   0.30957356 -1.8638308   1.1354544   1.3786627 ]]
dense_6/bias:0
(5,)
[-0.74382114  0.40803778  0.17260888  0.0082589  -0.11405262]
