simple_rnn_21/simple_rnn_cell_21/kernel:0
(1, 80)
[[ 0.15564243 -0.14766562  0.16033089 -0.21143894  0.15507409  0.2139498
  -0.01154506  0.24927844  0.08178532 -0.1828255  -0.00960988  0.05049567
  -0.21027823 -0.19158396  0.19017668  0.18008207 -0.12999703 -0.03900613
   0.12330342  0.16201653  0.16016097 -0.08824801  0.18834849 -0.00795294
   0.07349755 -0.10315724  0.20708255 -0.0077373  -0.12526679  0.03768109
   0.16210468  0.01061658 -0.08756738 -0.20943718 -0.1290489  -0.07562023
  -0.03955271  0.08626837 -0.00357996  0.01818011  0.20079625 -0.07881485
  -0.21358734  0.16974103  0.05732322 -0.14700529 -0.14904098  0.12764753
   0.03812783  0.03662926 -0.18915306  0.08828246 -0.13858987 -0.06169442
   0.22255729 -0.18592545 -0.23046789  0.20887741  0.03851991 -0.04154149
  -0.15910648  0.12279328  0.1928097  -0.12526302  0.17454453  0.19672081
   0.05651301  0.0632802  -0.08119626 -0.09790903  0.09617753  0.2197222
   0.13922526 -0.04976305  0.15415473 -0.10807989 -0.22175252 -0.10580848
  -0.17871933 -0.20033811]]
simple_rnn_21/simple_rnn_cell_21/recurrent_kernel:0
(80, 80)
[[-0.2513769  -0.18329947 -0.05449003 ... -0.13840364 -0.06998124
   0.06633718]
 [ 0.02558685  0.0846116  -0.14698091 ... -0.20643213  0.05927967
   0.14711376]
 [ 0.01004827  0.20014055 -0.18171786 ...  0.17285153 -0.0017827
  -0.06068989]
 ...
 [-0.04264356  0.15922005 -0.02711522 ... -0.07064626  0.00107018
  -0.13368952]
 [-0.03031447 -0.00339968  0.19408372 ... -0.10423701  0.01405802
  -0.15227847]
 [ 0.10048413 -0.17311281  0.1158304  ... -0.06092529  0.08006952
  -0.08798195]]
simple_rnn_21/simple_rnn_cell_21/bias:0
(80,)
[-1.38100386e-02  7.72821892e-04 -1.65877528e-02  1.69510692e-02
 -6.74158288e-03 -7.33056199e-03  3.37040261e-03 -2.28758762e-03
 -8.52810405e-03  8.27352703e-03  9.51567083e-04 -9.88030806e-03
  5.85722877e-03  9.24898777e-03 -1.18569881e-02 -2.02239249e-02
  5.07467706e-03 -5.73437847e-03 -3.03069432e-03 -1.33928722e-02
 -1.93452425e-02  4.22104169e-03  1.22833811e-03 -3.65477434e-04
 -2.63025286e-04  4.64583840e-03 -2.22542472e-02 -1.03619192e-02
  1.40020195e-02  5.15954010e-03 -1.11082615e-02 -2.73739616e-03
  3.29620554e-03  1.69591159e-02  1.37684355e-02  7.50337087e-04
  7.65612291e-04 -6.71833241e-03  2.63777608e-03  8.47227231e-04
 -9.36040562e-03  2.32349802e-03  1.03406496e-02 -1.15454169e-02
 -2.76356889e-03  2.19561290e-02  1.21897617e-02 -4.59132483e-03
  2.71100248e-03 -4.73290129e-04  8.34147446e-03 -5.80913061e-03
  1.89140718e-02  8.87541100e-03 -1.03089521e-02  2.31103171e-02
  1.77468695e-02 -1.41008999e-02 -9.67618762e-05  3.44753568e-03
  1.53080272e-02 -7.45445816e-03 -1.15560712e-02  3.84141691e-03
 -1.12704467e-02 -2.01783534e-02  2.13429754e-04 -1.38989035e-02
  4.15203441e-03  3.50813800e-03 -5.89502696e-03 -7.06527894e-03
 -1.62237119e-02  6.69633329e-04 -7.97817111e-03  9.26530547e-03
  9.01161879e-03  3.14242602e-03  1.63275469e-02  6.05785009e-03]
simple_rnn_22/simple_rnn_cell_22/kernel:0
(80, 100)
[[-0.10300819 -0.0349983  -0.0147803  ...  0.15611649  0.07565533
   0.10790215]
 [ 0.00116564  0.03685154  0.00902616 ... -0.02137961 -0.10513068
   0.06117178]
 [-0.13009079  0.06597945 -0.08076803 ...  0.1198571  -0.08084086
   0.10948616]
 ...
 [ 0.03379499 -0.01460391 -0.06581744 ...  0.04433416  0.16088258
  -0.13811591]
 [ 0.05302141 -0.10827664  0.0294581  ...  0.00739456  0.1684633
  -0.13284037]
 [ 0.10186782 -0.12177997 -0.13036658 ...  0.09554281  0.11344068
  -0.18030284]]
simple_rnn_22/simple_rnn_cell_22/recurrent_kernel:0
(100, 100)
[[-0.1275343  -0.08739856  0.09169067 ... -0.04418014 -0.19510756
  -0.06866027]
 [-0.01329895 -0.01568546 -0.02947498 ...  0.11982181 -0.01750509
  -0.12707196]
 [ 0.06051129  0.07053411 -0.00733463 ... -0.09289125 -0.08343463
  -0.0391955 ]
 ...
 [ 0.11023415 -0.05227299  0.0290355  ...  0.05435811 -0.01614453
  -0.02520633]
 [ 0.11911767  0.06410323  0.04347274 ...  0.0973379  -0.02873703
  -0.07426688]
 [-0.04346911 -0.13848206  0.10919496 ... -0.00593499 -0.10455775
  -0.009592  ]]
simple_rnn_22/simple_rnn_cell_22/bias:0
(100,)
[-0.0053428   0.01111113 -0.00315557  0.00929944  0.00278646 -0.00340342
 -0.01995295  0.00308712 -0.00419179 -0.00735132 -0.00395244 -0.00146454
  0.01484609  0.00563935 -0.0004875   0.00274383  0.00489951 -0.00659188
 -0.01050678 -0.00362287  0.00093171 -0.0024369  -0.00429498 -0.00822891
  0.00115913  0.00412504  0.00525235  0.00411991  0.005987    0.00030842
  0.00055891  0.0098091   0.00345263  0.00130428 -0.00021802  0.0054442
 -0.01092361  0.0087983   0.00551267  0.00472032  0.0039849   0.00889498
 -0.00259496 -0.00448058 -0.00433643 -0.00280872  0.01391253  0.00576999
  0.00510315  0.00251831  0.00479551  0.00906842 -0.00705595  0.0120436
  0.00113364 -0.02041692 -0.00397484  0.00142896 -0.00179254  0.00278594
  0.00917946 -0.0029187   0.00624694 -0.00537556  0.00010136  0.00185108
  0.00276864 -0.00258194  0.0071309  -0.00334924  0.00451785 -0.00044763
 -0.00890316  0.00425771  0.00722098  0.01215993 -0.00428952  0.01016815
 -0.00155625 -0.00304661  0.00715035  0.00219865  0.01303703  0.0063343
 -0.00661628 -0.00433484  0.00385782  0.00376992 -0.01792988 -0.00168243
 -0.00095077  0.00793181  0.00188025 -0.00714533 -0.00309769  0.00033936
 -0.00179172  0.00129632 -0.01365905  0.00485789]
dense_21/kernel:0
(100, 1)
[[-0.16997758]
 [ 0.10229356]
 [-0.12350685]
 [-0.02886865]
 [-0.08696396]
 [-0.01567011]
 [-0.14035864]
 [-0.21817523]
 [-0.07767669]
 [-0.10006179]
 [-0.14365871]
 [ 0.05309416]
 [ 0.08908714]
 [-0.08597223]
 [ 0.01715414]
 [-0.1163834 ]
 [ 0.14517373]
 [-0.19506796]
 [-0.12170234]
 [-0.17083926]
 [ 0.14620613]
 [-0.14991795]
 [-0.13883959]
 [ 0.17795801]
 [ 0.06124337]
 [ 0.138767  ]
 [ 0.19446754]
 [-0.15808272]
 [ 0.14849576]
 [ 0.17541376]
 [-0.18342859]
 [ 0.1345037 ]
 [-0.00711553]
 [ 0.16680501]
 [ 0.1946886 ]
 [ 0.11159426]
 [-0.14969149]
 [ 0.04035717]
 [ 0.12735336]
 [ 0.19060476]
 [ 0.11449262]
 [ 0.19968787]
 [-0.1625256 ]
 [-0.07031319]
 [-0.17251225]
 [-0.20827854]
 [ 0.07944272]
 [-0.03054873]
 [ 0.08373951]
 [-0.13369057]
 [ 0.17165099]
 [ 0.06481357]
 [-0.1749281 ]
 [ 0.05483825]
 [ 0.1838793 ]
 [-0.04992027]
 [-0.16640434]
 [-0.01712029]
 [-0.0057755 ]
 [ 0.16409235]
 [ 0.03513426]
 [-0.01026756]
 [-0.03472416]
 [-0.11635683]
 [-0.14248051]
 [ 0.16418935]
 [-0.08290553]
 [-0.16687593]
 [ 0.02356508]
 [-0.14553703]
 [ 0.10203622]
 [-0.1885431 ]
 [-0.19246046]
 [ 0.09557059]
 [ 0.03610422]
 [ 0.1595364 ]
 [-0.11339017]
 [ 0.2022038 ]
 [-0.05082629]
 [ 0.17805532]
 [ 0.08424564]
 [-0.07937533]
 [ 0.11036431]
 [ 0.0558474 ]
 [-0.12462443]
 [-0.19294749]
 [-0.1926741 ]
 [-0.05625965]
 [-0.10521513]
 [ 0.18296635]
 [-0.01174396]
 [ 0.19984996]
 [ 0.19260742]
 [-0.20615047]
 [-0.21719678]
 [-0.06192305]
 [ 0.02750443]
 [-0.02076804]
 [-0.08434255]
 [ 0.16804563]]
dense_21/bias:0
(1,)
[0.03800359]
