embedding_4/embeddings:0
(26, 2)
[[-0.15582603 -0.05235266]
 [ 0.47517318 -0.27311665]
 [-0.5117334  -0.3184727 ]
 [-0.08639166  0.26501206]
 [ 0.8467232   0.37198538]
 [-0.08773406 -0.12962851]
 [-0.65237755 -0.41688704]
 [-0.67192906  0.5569668 ]
 [-0.3362057  -0.00651808]
 [-0.76567954  0.45363253]
 [ 0.04249217 -0.8440758 ]
 [ 0.60286415  0.08473817]
 [ 0.71878386 -0.52553505]
 [-0.21674672  0.08449671]
 [-0.50410676 -0.29083386]
 [ 0.45358735 -0.52798116]
 [-0.15473743  0.79886913]
 [-0.8128282  -0.15930066]
 [-0.8249289   0.5244637 ]
 [-0.33930418  0.8722569 ]
 [-0.54257655 -0.49818486]
 [ 0.07377888  0.40466967]
 [ 0.6533149  -0.7294852 ]
 [ 0.5689891  -0.7891985 ]
 [ 0.9363322  -0.5856681 ]
 [-0.0353582   0.01978463]]
simple_rnn_10/simple_rnn_cell_10/kernel:0
(2, 10)
[[-1.6351485   0.4673083   0.66377115  0.12498102  0.47397003 -1.3635125
  -1.1631432  -1.6104014  -0.4813009  -1.321629  ]
 [ 1.1479989  -1.3315488  -1.1117418  -0.7222848   1.0274507   0.3577587
   1.1031079  -1.3123847  -1.3421007   0.6290803 ]]
simple_rnn_10/simple_rnn_cell_10/recurrent_kernel:0
(10, 10)
[[ 1.2684888   0.35751253 -0.48656753 -1.0574249   0.13547264  1.0431725
   1.1972862   0.23664446 -1.2884034  -0.86760855]
 [-1.5527567  -0.3102259   0.24782275  0.15520872  1.4308931  -1.2826641
  -0.5738408  -0.88046134 -0.7778773   0.5028512 ]
 [-0.06814191 -1.1549238  -1.1878644  -0.5827666  -1.264293   -1.6250602
  -0.81793857 -0.5975134   0.4520004   0.51755536]
 [-0.01285382  0.8637369   0.02956791 -0.15322182  1.3016751  -1.403848
   0.99208564 -0.9376914   0.11330213 -0.69783556]
 [-1.167512    1.042977   -1.284845   -1.0683178  -0.887858    0.70906067
  -0.48108897  0.5403081   0.32075518 -1.6267473 ]
 [-0.11955167 -0.92072654  1.2176101  -0.43408483 -0.13042785  0.8117591
  -0.726026    0.3839412  -0.5640375  -0.33160824]
 [-0.14214139  0.63632977  0.7400218  -0.10660028  0.5281314   0.3228231
   0.70459044  1.4007171  -1.438292   -0.7827522 ]
 [ 0.8809688  -0.23681961  0.89330184 -1.5906007   0.5546359   0.41455796
  -0.57346004 -0.49369872 -1.2303938   0.9117545 ]
 [ 0.9509894   1.410561   -0.59943265  0.979096    1.0338472  -0.6299157
   0.42459774 -0.6079248  -0.5407419   0.2748864 ]
 [ 1.1865617   0.3391808  -1.4215019   0.9803084   0.2136445  -0.01420154
   0.4433346   1.4528176   0.4509953  -0.9943681 ]]
simple_rnn_10/simple_rnn_cell_10/bias:0
(10,)
[-0.12263187  0.21436007  0.23289558  0.16597825  0.10636494 -0.15449898
  0.07226031 -0.15469997  0.03970108 -0.05006786]
dense_10/kernel:0
(10, 26)
[[ 0.04341551  0.04115887 -0.16754343  0.00362381  1.1580191  -1.1957192
  -1.2247261   1.5872391   1.6890312  -0.3090485   1.568915    1.6329999
  -1.489651   -1.0115132  -1.1448168  -1.259859   -1.0193125  -1.6025206
   0.7945667   1.4753493   1.4054253   1.2077386   1.3305657  -1.9101155
  -0.7466316  -1.1577692 ]
 [-0.17669035 -0.3552241  -0.32053936  0.11392559  0.63165444  0.28989613
  -1.6113352  -1.0287837   0.4501713   1.1396878  -1.3003268  -1.2867162
  -0.94470245 -1.9813365   0.23976994  0.78002024  0.6998307  -0.42851874
   0.8687237   1.620545   -1.3454567  -0.55829686 -0.94086534 -0.7748463
   0.8946357   1.3342912 ]
 [ 0.59355074  0.21879853  0.40212312  0.25633204 -1.6386874  -1.3001574
   0.9031669  -1.2733543  -0.92164034 -0.38228247  0.6909021  -0.09840006
   0.58216786 -1.0629386   1.2141657  -0.80758554  1.4478056  -1.3814238
  -0.27722207  0.894184   -1.1410235   0.8001334   1.3472906  -0.93413746
   1.022839   -0.90470016]
 [-0.01222431 -0.3595174  -0.10150705 -0.02363214  0.50156075  1.5992631
   0.44214773  0.9534442   1.0368124  -0.95547175 -0.9073539  -1.4503374
  -1.3117515   1.518303    0.7524776   0.9364577  -0.8783076  -1.2759163
   0.8517774  -0.908485   -1.1192524  -1.0191988  -0.30872363 -0.39055502
   1.5333035   0.9550707 ]
 [-0.19736466 -0.16268171  0.09405099 -0.15388097  1.2478797   0.96305734
   1.3456125  -1.1312988   0.6010931   0.6414889   1.9884878  -0.4857628
  -0.69462407 -0.5011177   0.6531001   1.0067948   0.6410503  -0.83892053
  -1.0329415   0.9578919  -1.3340498  -1.839703   -1.5819854  -0.97449493
   1.0524712  -1.1357334 ]
 [-0.03672113 -0.43227413 -0.02316679 -0.00330608 -0.99812603 -0.6013434
   1.5414279  -1.6357099  -1.1999985   1.385606    0.93053925  1.3647479
  -1.4906254  -1.2906177  -1.0154605  -1.0674292  -0.6625434   0.59738505
   1.2219025   1.1891867   0.66334796  1.1368017   1.3632742   2.168374
  -0.99075353 -0.8589802 ]
 [ 0.07801817  0.2620462   0.12786865 -0.19960232  0.4123956   0.7169564
  -1.4771616  -0.92379224  0.8576659   1.1634374   0.20689496 -1.5042447
  -0.8677309  -0.74394804  1.1260666   1.0029836   0.90460503 -1.0466969
   0.80742174  1.0353963   1.1887363  -0.45805603 -1.7138826  -0.7253482
  -1.6539418  -1.4800916 ]
 [-0.32668608 -0.274948   -0.23455414 -0.33046383 -1.2645816  -1.4962009
  -0.48166853  1.0051817   1.4218937   1.3648915   1.2818742   1.4430305
  -1.2063643   1.094231   -1.2376528   1.5562738  -1.2451909  -0.86311764
   1.0281197  -1.4023739   1.1429385   1.5771389  -1.3200336   0.96838176
  -0.6426241  -1.0814903 ]
 [ 0.3180508   0.09795965  0.3543746   0.03595988  0.66901606 -1.5274532
  -1.2206484   0.7516395  -1.5554832  -1.2094811  -0.58875483  1.7557509
  -1.2256676   0.39361557  1.321597    1.5026209  -1.0933783   1.2617389
   1.109359   -1.0301601  -1.1698439  -1.4020001   0.39142457  0.96045077
  -1.8365207   0.7729511 ]
 [-0.5795106  -0.4453872  -0.46841887 -0.36574188  1.3601109  -1.1043838
   0.76195055  1.3136325  -1.1428372  -0.9250432   0.99978465 -0.8803405
   0.9395175  -1.060317    1.2448245  -1.014055   -1.7289103   1.2990053
   1.03051     0.7853792  -1.7464935   1.428017    0.78480136 -1.5501208
   1.0163903  -1.0196365 ]]
dense_10/bias:0
(26,)
[-0.46769804 -0.4448111  -0.46940932 -0.47034267  0.714633    0.16151719
  0.59189785  0.15977266  0.5081732   0.6546548   0.42751473 -0.3101372
  0.25618732  0.73963463  0.39623457 -0.1473181   0.21107605  0.66769713
  0.8784846  -0.17907616 -0.3092101  -0.15833436  0.02726268  0.32665354
 -0.20814312  0.01175019]
