embedding_1/embeddings:0
(5, 2)
[[-1.0122616  -0.78782386]
 [-0.84942937  1.0356047 ]
 [ 0.7630519  -0.5651285 ]
 [ 0.22633992  0.16814438]
 [ 1.2613473  -1.6262369 ]]
simple_rnn_7/simple_rnn_cell_7/kernel:0
(2, 3)
[[-2.4626424   1.7047048   1.1628773 ]
 [ 0.28561923 -1.4489998  -1.842387  ]]
simple_rnn_7/simple_rnn_cell_7/recurrent_kernel:0
(3, 3)
[[ 0.7826308  -0.38225892 -0.49129122]
 [-0.45905775  0.17862347 -0.8702641 ]
 [ 0.42042235  0.9066266  -0.03568269]]
simple_rnn_7/simple_rnn_cell_7/bias:0
(3,)
[-0.57049626 -2.136615    1.1692294 ]
dense_7/kernel:0
(3, 5)
[[-1.7782809   1.937944    0.99835277 -1.8994992  -1.5531107 ]
 [ 3.2593374  -0.8645058  -1.1809042   0.88539964 -1.4106082 ]
 [ 1.5020381   1.0778207  -2.5626507   1.522317    1.0618298 ]]
dense_7/bias:0
(5,)
[-0.760095    0.0878844   0.4928763   0.09757781 -0.1869874 ]
