simple_rnn_3/simple_rnn_cell_3/kernel:0
(5, 3)
[[ 1.8439265e+00 -1.7843060e+00  1.2398053e+00]
 [-1.2011955e+00  5.2302736e-01  2.9023138e-01]
 [-6.6188914e-01  1.9979671e+00  5.4963785e-01]
 [ 8.4244097e-03  9.2298520e-04 -5.6202752e-03]
 [-1.2855933e+00 -1.6480130e+00  2.9124925e-01]]
simple_rnn_3/simple_rnn_cell_3/recurrent_kernel:0
(3, 3)
[[-0.9216259  -1.4990139  -1.0811912 ]
 [ 0.4621147   0.7478792  -0.8303838 ]
 [ 1.4777566   0.03969866 -2.216865  ]]
simple_rnn_3/simple_rnn_cell_3/bias:0
(3,)
[ 0.23602198 -0.0442053   0.01023212]
dense_3/kernel:0
(3, 5)
[[-2.4293375  1.3247192 -1.1912118 -1.1277418  1.329688 ]
 [-2.5912628 -1.2607301 -1.914278   1.8523812  1.755635 ]
 [ 1.7003298  1.6764903 -2.1902242  1.7584481 -1.5432916]]
dense_3/bias:0
(5,)
[-1.2084565   0.12385686  0.32735857 -0.02331447  0.11557046]
