embedding/embeddings:0
(26, 2)
[[-0.2625711  -0.13772224]
 [ 0.50378966 -0.3698114 ]
 [-0.43235445 -0.34718674]
 [-0.1200098   0.21868302]
 [ 0.68240976  0.25748628]
 [-0.08889899 -0.11598985]
 [-0.5250359  -0.35607243]
 [-0.42056283  0.57539797]
 [-0.45126158 -0.08166657]
 [-0.38043037  0.4403121 ]
 [ 0.09156357 -0.5784195 ]
 [ 0.5254632   0.07198394]
 [ 0.56763375 -0.45100746]
 [-0.20340735  0.08219595]
 [-0.3988479  -0.22425465]
 [ 0.3609095  -0.43056318]
 [-0.32716066  0.6728966 ]
 [-0.71565235 -0.13866733]
 [-0.7052859   0.46366054]
 [-0.47940543  0.7689848 ]
 [-0.4441049  -0.4384023 ]
 [ 0.03406696  0.3134269 ]
 [ 0.5801309  -0.5888011 ]
 [ 0.5159675  -0.69360334]
 [ 0.8223398  -0.5520084 ]
 [-0.0353582   0.01978463]]
simple_rnn/simple_rnn_cell/kernel:0
(2, 10)
[[-1.4123765   0.4958897   0.66760725  0.19736952  0.48927626 -1.1073166
  -0.94326687 -1.2766988  -0.37224802 -1.218173  ]
 [ 1.0217149  -1.1303467  -1.006041   -0.78113556  1.0146683   0.3209223
   0.7735361  -0.90680134 -1.046584    0.5393371 ]]
simple_rnn/simple_rnn_cell/recurrent_kernel:0
(10, 10)
[[ 1.0541924   0.26348415 -0.43198282 -0.8215809   0.10207893  0.91403216
   1.0348045   0.2147208  -1.1482219  -0.86605775]
 [-1.1302799  -0.14269091  0.21281898  0.15896621  1.2500322  -0.94707817
  -0.40185174 -0.80424607 -0.566846    0.4053971 ]
 [-0.14156696 -1.0482255  -0.93964326 -0.02109354 -1.0785009  -1.2842406
  -0.7464782  -0.49691832  0.3839      0.6455367 ]
 [-0.01293528  0.8428689  -0.11413993  0.00560403  1.067095   -1.0463417
   0.9919085  -0.49313092  0.09211859 -0.6544901 ]
 [-0.9353503   0.8941446  -0.999629   -0.79331875 -0.93914926  0.38682395
  -0.352018    0.35975054  0.3006364  -1.4299273 ]
 [ 0.1226438  -0.83137196  0.9889481  -0.44652188  0.04175511  0.5251255
  -0.6477389   0.44260103 -0.48218596 -0.27708152]
 [-0.04114811  0.62581867  0.7852446  -0.1442235   0.45340505  0.1913341
   0.6008695   1.0404642  -1.2534693  -0.72908515]
 [ 0.31925738 -0.02868262  0.5103705  -1.2096117   0.5645403   0.38627607
  -0.36319983 -0.2943696  -1.1273445   0.92570394]
 [ 0.7744916   1.2415626  -0.5324392   0.9185712   0.8616239  -0.42309555
   0.39622    -0.39745387 -0.3129692   0.37244213]
 [ 0.7609717   0.13179167 -1.2502301   0.4642865   0.08345902  0.07913166
   0.388546    1.2902101   0.3273366  -0.75853986]]
simple_rnn/simple_rnn_cell/bias:0
(10,)
[-0.09143414  0.17477141  0.09366468  0.10617921  0.1190825  -0.12127059
 -0.08915388 -0.04040776 -0.03693204 -0.0398961 ]
dense_2/kernel:0
(10, 26)
[[-0.03153116 -0.03421202 -0.2436293  -0.07665449  0.6501143  -0.66726315
  -0.803241    0.7482646   1.1088438   0.53911406  1.2940445   0.2365627
  -1.3250846  -0.6711242  -0.52633274 -0.52640754 -0.6620818  -0.96919066
   0.63168406  1.1731306   1.2396929   0.90561604  0.7347625  -1.229757
  -0.66934717 -1.0410789 ]
 [-0.15010434 -0.33343357 -0.3012368   0.14855692  0.51335394  0.3642106
  -1.1260306  -0.78968054  0.35707575  0.7297028  -0.94841164 -1.0858419
  -0.6378037  -1.3099661   0.129741    0.6824653   0.68790656 -0.32271168
   0.5733751   1.0333804  -1.0614232  -0.44025695 -0.90038997 -0.7149023
   0.47594333  0.9261381 ]
 [ 0.6212753   0.2509781   0.41987887  0.2817606  -1.280809   -0.58125556
   0.83591986 -0.93631554 -0.8098663  -0.22206147  0.60094047 -0.726491
   0.3491532  -1.0147488   0.68749064 -0.62864286  0.9580086  -0.8707511
  -0.34508556  0.75570565 -0.7438526   0.5736251   1.0087473  -0.5406056
   0.92386645 -0.7225283 ]
 [-0.01545467 -0.373712   -0.10373013 -0.02254472  0.3758849   0.9227106
   0.00183092  0.7635154   0.8067082  -0.5450175  -0.76546526 -0.89028627
  -0.9853922   0.88798267  0.604373    0.8275647   0.35331392 -1.0233401
   0.6425427  -0.48526877 -1.0269942  -0.90429074 -0.21106036 -0.48039564
   1.1314507   0.81886274]
 [-0.19112411 -0.14320768  0.11014163 -0.14465839  1.0712545   0.90629995
   1.0074991  -0.89497954  0.4839265   0.29020554  1.3991045  -0.49749082
  -0.34763038 -0.3644894   0.5418082   0.69817317  0.61550236 -0.7435997
  -0.893524    0.8664397  -0.98282284 -1.1181697  -1.314659   -0.90597844
   0.93721956 -0.8591705 ]
 [-0.05195251 -0.4546533  -0.04129415 -0.02233266 -0.66276884 -0.5179273
   0.7608648  -1.3086175  -0.68066436  1.0788924   0.83493793  1.1335539
  -0.8089539  -0.94310194 -0.9222178  -0.8342496  -0.41022083  0.392248
   0.8742131   0.98775566  0.6476851   1.0518965   1.0496403   1.0514761
  -0.6223772  -0.73272437]
 [ 0.09028456  0.2858993   0.14063191 -0.19658735  0.27611223  0.54276407
  -1.0968782  -0.648215    0.8196527   0.9526308  -0.36312875 -0.89651376
  -0.7645519  -0.53877205  0.89048463  0.81969965  0.80864096 -0.99336284
   0.64956546  0.8896885  -0.10804348 -0.41897887 -1.0178199  -0.52288276
  -1.2726241  -0.95048845]
 [-0.35057175 -0.2962177  -0.254051   -0.35563266 -0.98583984 -0.9349866
  -0.4635109   0.768689    0.8303518   1.1304531   0.5614421   1.1595806
  -1.0836543   0.7419063  -1.1084255   1.1431295  -0.9525332  -0.2650268
   0.8501176  -0.9601114   1.1371834   1.0448551  -0.61043423  0.6122957
  -0.5147879  -0.5841456 ]
 [ 0.31723255  0.06385817  0.34652415  0.0250783   0.4693506  -1.1401184
  -0.87577057  0.64148533 -1.1735568  -1.0901538  -0.47422868  0.82346153
  -0.61568546  0.3389668   0.9850754   1.0262713  -0.97766924  0.8906647
   0.99105734 -0.9397612  -0.70330095 -0.9742182  -0.5354014   0.71162975
  -1.1301357   0.6154398 ]
 [-0.57404876 -0.45387936 -0.47029993 -0.36544064  1.1445627  -1.0033544
   0.6501911   0.97100896 -0.9480544  -0.6176073   0.82742846 -0.7874373
   0.848096   -0.7747509   0.9401544  -0.84595376 -1.2045419   1.0268445
   0.66430634  0.5536504  -0.89462733  0.9440685   0.62243736 -1.2245955
   0.8188168  -0.6451063 ]]
dense_2/bias:0
(26,)
[-0.44725874 -0.42499927 -0.44954652 -0.45082352  0.5974911   0.3448161
  0.425083    0.02376965  0.5008263   0.4783889   0.3899809  -0.18053962
  0.3224739   0.6999551   0.3526712  -0.08460409  0.25596505  0.6250977
  0.7566038  -0.12577593 -0.24362253  0.04259682  0.06994383  0.40389144
 -0.19534585 -0.06866178]
