simple_rnn/simple_rnn_cell/kernel:0
(5, 3)
[[ 0.26744685 -1.0384638   1.5923488 ]
 [-1.7281393   0.37942126  0.28271264]
 [ 0.9525257   1.2066265   1.1032015 ]
 [ 0.04794634  0.5290589  -0.72431165]
 [-1.6114713  -1.7107259  -0.10142379]]
simple_rnn/simple_rnn_cell/recurrent_kernel:0
(3, 3)
[[-0.87483037 -0.18346582 -0.44834363]
 [-0.311412    0.9219252   0.23038337]
 [ 0.37107185  0.34116596 -0.86366165]]
simple_rnn/simple_rnn_cell/bias:0
(3,)
[ 0.52209747  0.31396776 -0.35235348]
dense/kernel:0
(3, 5)
[[-1.3459349   0.38562885 -1.0356675   1.1732951   0.60989976]
 [-1.2593355  -0.7446595   0.27345136  0.7277185   0.888572  ]
 [-0.31778273  1.4429172  -0.06495309  0.96580607 -1.3872736 ]]
dense/bias:0
(5,)
[-0.01482     0.11427236  0.39122087 -0.30878398 -0.15287727]
